---
build/images/image-b7c51a60.gif: 2016-11-13 01:33:47.000000000 +09:00
build/images/IMG_06582-c71f2843.jpg: 2017-06-24 18:21:13.000000000 +09:00
build/images/passenger-seat-view-bfcc57df.jpg: 2017-06-24 18:21:15.000000000 +09:00
